00003e82
00005ef8
000334e0
00043684
00023d22
0000389c
00000000
00000000
00000000
00000000
00000000
00000000
00000000
00000000
00000000
00000000
00000000
00000000
00000000
00000000
00000000
00000000
00000000
00000000
00000000
00000000
00000000
00000000
00000000
00000000
00000000
00000000
00000000
00000000
00000000
00000000
00000000
00000000
00000000
00000000
00000000
00000000
00000000
00000000
00000000
00000000
00000000
00000000
00000000
00000000
00000000
00000000
00000000
00000000
00000000
00000000
00000000
00000000
00000000
00000000
00000000
00000000
00000000
00000000
00000000
00000000
00000000
00000000
00000000
00000000
00000000
00000000
00000000
00000000
00000000
00000000
00000000
00000000
00000000
00000000
00000000
00000000
00000000
00000000
00000000
00000000
00000000
00000000
00000000
00000000
00000000
00000000
00000000
00000000
00000000
00000000
00000182
00000182
00000182
00000182
00000182
00000182
00000182
00000182
00000182
00000182
00000182
00000182
00000182
00000182
00000182
00008000
00008000
00008000
00008000
00008000
00008000
00008000
00008000
00008000
00008000
00008000
00008000
00008000
00008000
00008000
00008000
00008000
00008000
00008000
00008000
00008000
00008000
00008000
00008000
00008000
00008000
00008000
00008000
00008000
00008000
00008000
00008000
00008000
00008000
00008000
00008000
00008000
00008000
00008000
00008000
00008000
00008000
00008000
00008000
00008000
00008000
00008000
00008000
00008000
00008000
00008000
00008000
00008000
00008000
00008000
00008000
00008000
00008000
00008000
00008000
00008000
00008000
00008000
00008000
00008000
00008000
00008000
00008000
00008000
00008000
00008000
00008000
00008000
00008000
00008000
00008000
00008000
00008000
00008000
00008000
00008000
00008000
00008000
00008000
00008000
00008000
00008000
00008000
00008000
00008000
00008000
00008000
00008000
00008000
00008000
00008000
00008000
00008000
00008000
00008000
00008000
00008000
00008000
00008000
00008000
00000000
000001c4
0018c425
000e12d9
00063fe4
00000000
00000000
00000000
00000000
00000000
00000000
00000000
00000000
00000000
00000000
00000000
00000000
00000000
00000000
00000000
00000000
00000000
00000000
00000000
00000000
00000000
00000000
00000000
00000000
00000000
00000000
00000000
00000000
00000000
00000000
00000000
00000000
00000000
00000000
00000000
00000000
00000000
00000000
00000000
00000000
00000000
00000000
00000000
00000000
00000000
00000000
00000000
00000000
00000000
00000000
00000000
00000000
00000000
00000000
00000000
00000000
00000000
00000000
00000000
00000000
00000000
00000000
00000000
00000000
00000000
00000000
00000000
00000000
00000000
00000000
00000000
00000000
00000000
00000000
00000000
00000000
00000000
00000000
00000000
00000000
00000000
00000000
00000000
00000000
00000000
00000000
00000000
00000000
00000000
00000000
00000000
